1458591001
1458591601
1458592202
1458592801
1458593401
1458594002
1458594602
1458595201
1458595801
1458596401
1458597001
1458597601
1458598201
1458598801
1458599402
1458600001
1458600601
1458601201
1458601801
1458602401
1458603001
1458603601
1458604201
1458604801
1458605402
1458606001
1458606601
1458607201
1458607801
1458608401
1458609002
1458609601
1458610201
1458610801
1458611401
1458612001
1458612601
1458613201
1458613801
1458614401
1458615002
1458615601
1458616202
1458616801
1458617401
1458618001
1458618601
1458619201
1458619801
1458620401
1458621001
1458621601
1458622201
1458622801
1458623401
1458624001
1458624601
1458625201
1458625801
1458626401
1458627002
1458627601
1458628201
1458628801
1458629402
1458630001
1458630601
1458631201
1458631801
1458632402
1458633001
1458633601
1458634201
1458634801
1458635401
1458636001
1458636602
1458637201
1458637801
1458638402
1458639002
1458639601
1458640201
1458640801
1458641401
1458642001
1458642601
1458643201
1458643802
1458644401
1458645002
1458645601
1458646201
1458646801
1458647401
1458648001
1458648601
1458649201
1458649801
1458650401
1458651002
1458651601
1458652201
1458652801
1458653401
1458654001
1458654602
1458655201
1458655801
1458677401
1458678001
1458678601
1458679201
1458679802
1458680402
1458681001
1458681602
1458682201
1458682801
1458683401
1458684001
1458684601
1458685201
1458685801
1458686401
1458687001
1458687601
1458688201
1458688801
1458689401
1458690001
1458690601
1458691201
1458691801
1458692401
1458693001
1458693601
1458694201
1458694801
1458695401
1458696001
1458696602
1458697201
1458697801
1458698402
1458699001
1458699601
1458700201
1458700801
1458701401
1458702001
1458702601
1458703201
1458703802
1458704401
1458705001
1458705601
1458706201
1458706801
1458707401
1458708001
1458708601
1458709201
1458709801
1458710401
1458711001
1458711601
1458712201
1458712801
1458713402
1458714001
1458714601
1458715201
1458715801
1458716401
1458717001
1458717601
1458718201
1458718801
1458719401
1458720001
1458720601
1458721201
1458721801
1458722401
1458723001
1458723601
1458724202
1458724801
1458725401
1458726001
1458726601
1458727201
1458727801
1458728401
1458729001
1458729601
1458730201
1458730801
1458731401
1458732001
1458732601
1458733202
1458733801
1458734401
1458735001
1458735601
1458736201
1458736801
1458737401
1458738001
1458738601
1458739201
1458739801
1458740401
1458741001
1458741601
1458742201
1458742801
1458743401
1458744001
1458744601
1458745201
1458745801
1458746401
1458747001
1458747601
1458748201
1458748801
1458749401
1458750001
1458750601
1458751201
1458751801
1458752401
1458753001
1458753601
1458754202
1458754801
1458755402
1458756001
1458756601
1458757201
1458757801
1458758402
1458759001
1458759601
1458760201
1458760801
1458761401
1458762001
1458762601
1458763201
1458763801
1458764401
1458765001
1458765601
1458766202
1458766801
1458767402
1458768002
1458768615
1458769201
1458769802
1458770401
1458771001
1458771601
1458772201
1458772801
1458773401
1458774001
1458774601
1458775204
1458775801
1458776401
1458777001
1458777602
1458778201
1458778801
1458779401
1458780001
1458780601
1458781201
1458781801
1458782401
1458783001
1458783602
1458784201
1458784801
1458785401
1458786001
1458786602
1458787201
1458787801
1458788401
1458789001
1458789601
1458790202
1458790801
1458791401
1458792002
1458792601
1458793201
1458793801
1458794401
1458795001
1458795601
1458796201
1458796801
1458797401
1458798001
1458798601
1458799202
1458799801
1458800401
1458801001
1458801601
1458802201
1458802801
1458803401
1458804001
1458804601
1458805201
1458805801
1458806401
1458807001
1458807601
1458808202
1458808801
1458809401
1458810001
1458810601
1458811201
1458811802
1458812401
1458813001
1458813601
1458814201
1458814801
1458815401
1458816001
1458816601
1458817202
1458817801
1458818401
1458819001
1458819601
1458820201
1458820801
1458821401
1458822002
1458822601
1458823201
1458823801
1458824401
1458825001
1458825601
1458826201
1458826801
1458827401
1458828001
1458828602
1458829201
1458829801
1458830401
1458831001
1458831601
1458832202
1458832801
1458833401
1458834001
1458834601
1458835201
1458835801
1458836401
1458837001
1458837601
1458838201
1458838801
1458839401
1458840001
1458840601
1458841201
1458841801
1458842401
1458843001
1458843601
1458844201
1458844801
1458845401
1458846001
1458846601
1458847201
1458847801
1458848401
1458849192
1458849602
1458850202
1458850865
1458851402
1458852001
1458852601
1458853201
